Total energy: 24.84
500
-6043.825684 8230.372070 5975.188965 -6.049072 8.232860 5.968813
2572.939697 -446.667908 1075.951538 2.577418 -0.452057 1.079398
4354.781250 2714.881592 8321.512695 4.345939 2.714235 8.323902
6073.924316 -7253.445801 -5148.772461 6.083037 -7.255095 -5.141651
-5642.175293 9977.543945 -7830.149414 -5.634862 9.978489 -7.823824
488.028992 2758.064453 -4079.300049 0.485744 2.751045 -4.079368
5394.474121 544.393250 5426.513184 5.398277 0.534899 5.427155
8375.528320 6161.770996 -2952.977783 8.380529 6.154490 -2.950833
3264.826660 -6146.994141 -8288.650391 3.264539 -6.155724 -8.278883
-8747.826172 -848.970093 -9591.802734 -8.738083 -0.845965 -9.599538
803.296082 -4656.943848 7012.524902 0.795206 -4.666685 7.018394
-9214.222656 637.333801 3351.996094 -9.214392 0.632133 3.354477
4779.148438 -4305.456055 4417.705078 4.770677 -4.314102 4.419039
7605.983398 -1200.845459 -6677.187500 7.601490 -1.197924 -6.680495
3725.712891 -2994.066650 7876.408203 3.731586 -2.990441 7.868683
8483.303711 -1206.853027 7182.243164 8.479396 -1.208801 7.173526
-5679.903809 -343.938324 8216.731445 -5.683516 -0.350216 8.219451
-1368.045410 2830.002930 7630.813477 -1.360931 2.821612 7.621243
-5472.452148 -1063.811401 -3848.203125 -5.477870 -1.059331 -3.850846
8136.819824 -6612.073242 -1676.175781 8.136078 -6.607858 -1.669974
8700.796875 9688.766602 5201.926270 8.700076 9.695034 5.209506
-5339.814941 -4110.608398 -2610.161377 -5.344301 -4.107680 -2.613820
5862.215332 -7495.366699 4645.110352 5.869408 -7.490502 4.642970
422.681854 -8944.659180 8996.975586 0.431152 -8.949381 9.003236
9352.726562 3126.362793 4646.812500 9.348103 3.131272 4.653088
-8444.464844 409.342072 -7298.364258 -8.435357 0.404202 -7.301951
5111.158691 1460.245239 6384.492676 5.111560 1.466290 6.393726
-7480.301758 7791.971191 -5922.126465 -7.490623 7.799110 -5.913424
8469.094727 -9925.044922 -8543.851562 8.461382 -9.916768 -8.553424
6386.424316 8255.023438 -2164.519043 6.393906 8.260540 -2.166189
-8005.989258 3748.640137 -951.304260 -8.007197 3.747748 -0.948481
7548.786133 1544.472778 9844.569336 7.552273 1.539419 9.844571
8497.510742 6667.594727 4961.011230 8.507534 6.664773 4.956059
9681.446289 8073.278320 4883.738770 9.671913 8.067319 4.876218
-8467.369141 7778.507812 6603.759277 -8.460083 7.778977 6.600239
-3659.682617 4006.808350 -5413.884766 -3.662628 4.012363 -5.417334
3013.984131 -5532.609375 2657.885010 3.022641 -5.526871 2.661443
-7738.774414 4394.336426 922.421021 -7.734389 4.385371 0.922137
6962.099609 -3271.357666 -982.142822 6.953688 -3.272977 -0.981648
-5325.360840 6655.085449 1968.588379 -5.322166 6.664864 1.969625
-6349.198730 4241.024902 -3897.706543 -6.348885 4.241745 -3.900886
2751.290283 3469.776123 3921.530518 2.752804 3.478728 3.919676
-3430.426270 4608.054199 2540.136719 -3.432539 4.614612 2.543222
-4845.612793 3056.373535 3700.425293 -4.854691 3.062607 3.695130
-8129.805664 3714.390137 7549.146973 -8.125196 3.722495 7.547681
-4222.571777 3328.025635 1856.307129 -4.224428 3.331118 1.864218
-9931.836914 9683.022461 -6199.253418 -9.928538 9.686503 -6.204498
8372.651367 9169.875000 -1263.455078 8.378602 9.172740 -1.270061
5477.560059 -2319.364746 3721.109375 5.485470 -2.323360 3.715717
968.052490 5882.004395 -5920.145020 0.960847 5.873136 -5.929036
1532.031494 -29.031719 7476.142578 1.523986 -0.037128 7.479578
6985.908203 -731.289429 -158.769470 6.978844 -0.726757 -0.152024
-7224.502441 4546.630859 3683.840332 -7.218835 4.551005 3.683568
-5554.399414 -6435.723145 4487.164551 -5.560688 -6.435850 4.485041
8630.722656 -3511.136719 -2791.228760 8.637905 -3.503860 -2.791148
-3294.005859 -76.066322 6370.497559 -3.300565 -0.078513 6.362552
-8547.201172 -6972.950195 -4824.261230 -8.549114 -6.975395 -4.821848
-8180.450684 -3369.203369 -4241.829590 -8.177029 -3.372282 -4.234608
5236.522949 3183.292236 -4692.131348 5.235569 3.174935 -4.690763
-5835.698242 347.452850 2512.935791 -5.843128 0.354295 2.513306
-3472.955811 -5114.267578 -2110.902344 -3.479732 -5.113460 -2.112234
-7269.458984 7953.184570 -3230.324219 -7.278509 7.951207 -3.235139
-7700.448730 -4136.009766 5486.384277 -7.706649 -4.126464 5.487717
4148.871094 9734.113281 -1010.638794 4.158182 9.729342 -1.017898
-2334.858154 -8008.630859 -8126.840820 -2.342081 -8.008814 -8.121610
-8925.106445 -8965.953125 -7371.030762 -8.931447 -8.969073 -7.366439
1796.727539 -7611.652344 -1149.554932 1.792733 -7.617774 -1.148795
7775.643555 -3913.463379 -2759.841309 7.774466 -3.914291 -2.761663
1926.038818 2371.589600 514.426331 1.923924 2.378508 0.514942
-6615.136230 8482.040039 -8028.036133 -6.607010 8.474556 -8.023252
7571.268555 -2861.771973 -4184.345215 7.565554 -2.856138 -4.183426
5568.241699 -4844.293945 -9276.400391 5.565148 -4.850622 -9.273451
2244.768066 -6033.232422 -5577.188965 2.248830 -6.039582 -5.579792
-1969.711426 -5988.116699 4381.852051 -1.975550 -5.992223 4.389801
-6910.762207 655.600220 -2288.827148 -6.905525 0.656919 -2.285035
4745.704102 -3901.347168 -2355.657715 4.748158 -3.891837 -2.356656
6197.234863 3723.064697 8387.683594 6.195705 3.719727 8.391817
6881.625488 655.421875 -9875.757812 6.878187 0.659208 -9.879882
4377.647461 -2753.718506 -1983.639771 4.377345 -2.756913 -1.985820
3707.079834 -8725.985352 -9336.187500 3.714437 -8.728788 -9.342147
-9881.904297 -9975.020508 1350.327881 -9.885818 -9.977490 1.356622
-3170.079590 -6381.703125 7148.042969 -3.172916 -6.376768 7.151092
-6271.373047 7707.779297 -3732.007324 -6.274694 7.700289 -3.735409
-6170.563965 8082.356934 3506.317139 -6.177767 8.083399 3.513082
8656.241211 4783.880371 945.776367 8.649693 4.779187 0.947942
1052.501953 -103.315498 8662.799805 1.051366 -0.111848 8.668415
9911.905273 3150.336182 1898.512207 9.905998 3.144018 1.889945
5193.483887 2751.986572 1791.902588 5.186470 2.755416 1.783132
-6665.200195 -582.749023 2092.969971 -6.660960 -0.588678 2.087600
2247.129883 -1743.118896 3294.437012 2.239619 -1.750329 3.288279
-9339.445312 1583.420410 -7030.649414 -9.340733 1.580430 -7.033161
-197.157486 -7747.435059 305.019257 -0.203793 -7.747021 0.300993
-951.322815 2744.149902 -2306.854248 -0.957551 2.753130 -2.306832
4347.259766 -9651.211914 -1872.025879 4.351939 -9.650867 -1.864673
9904.234375 -446.550568 -1063.639526 9.903297 -0.452772 -1.065149
-5601.314453 -5555.832031 1936.910034 -5.604243 -5.547954 1.945597
7016.478027 -1220.296021 -740.351318 7.011728 -1.228765 -0.742955
742.844482 -3319.367920 5349.418945 0.734849 -3.328616 5.340274
9354.686523 7685.358398 -682.279968 9.345539 7.686356 -0.676629
-4843.001465 8094.849121 5322.349121 -4.848410 8.095514 5.328928
1085.533081 1225.060791 -1946.978271 1.088963 1.215693 -1.952427
8329.695312 3071.660156 -2795.411133 8.330451 3.077599 -2.797894
-6013.095703 -2526.967773 -7809.555664 -6.019946 -2.528883 -7.804446
1220.980469 -8820.982422 1929.518433 1.217435 -8.822792 1.926808
8463.378906 -9823.468750 -3121.886719 8.473845 -9.818531 -3.123172
-1032.749878 -6532.959473 8667.833008 -1.040370 -6.538707 8.665452
-4139.771484 -6887.536133 9312.888672 -4.142197 -6.893264 9.313611
-4532.604004 -486.612976 4960.424316 -4.540257 -0.483888 4.952755
8498.289062 4365.612305 2472.550781 8.490789 4.373326 2.463888
-6481.555176 2517.855469 -5947.120605 -6.475223 2.522504 -5.940461
-7592.287109 -6788.781250 -9730.162109 -7.600214 -6.783512 -9.722675
-8580.341797 2287.306885 -7984.084473 -8.588861 2.284534 -7.982861
8246.066406 -5118.748535 -4138.327637 8.247810 -5.118626 -4.136453
5058.676270 6271.915039 -1361.835938 5.067654 6.278074 -1.363129
3226.306152 -5971.401855 468.076660 3.235832 -5.981063 0.470967
-8989.691406 -3174.084717 2938.406006 -8.996643 -3.170352 2.934236
-3736.889648 8090.787109 3643.553711 -3.741205 8.083743 3.638434
-8924.946289 1818.382080 -6214.138184 -8.931212 1.822211 -6.218728
-8843.277344 1775.394287 -7283.703613 -8.838953 1.782369 -7.276591
-4869.305176 -610.038452 8512.751953 -4.860619 -0.618999 8.504393
8522.625977 6303.556152 -471.204346 8.521351 6.310980 -0.472906
2676.231445 -4715.120605 -5494.368164 2.671696 -4.716564 -5.495293
461.221497 -5894.812988 -3048.549561 0.452616 -5.885429 -3.049246
-4615.570801 -1137.107666 2899.264648 -4.619364 -1.133206 2.901500
3666.029053 -4841.700684 5188.142090 3.671479 -4.837768 5.184167
3366.387939 -3563.126953 2005.685303 3.359202 -3.570448 2.015254
282.648773 -8528.201172 -4874.560059 0.287643 -8.535288 -4.875443
4735.339844 9181.848633 6433.888184 4.734940 9.179138 6.426615
-257.650757 -9898.614258 -9528.737305 -0.248497 -9.895877 -9.525786
-8427.522461 -646.457031 144.036804 -8.434842 -0.650582 0.148191
-5094.102539 -8311.776367 -9137.860352 -5.102835 -8.311780 -9.132109
-6686.637695 7351.117676 9236.041992 -6.678119 7.349380 9.231304
4734.908691 1577.387207 -9860.667969 4.729187 1.572124 -9.860409
-7977.823730 8937.655273 5757.178711 -7.970381 8.928696 5.752820
-4449.574219 4929.401855 -8104.146973 -4.455719 4.934612 -8.099146
6909.874023 9631.074219 -8072.939941 6.905460 9.622171 -8.066372
-3521.343750 3084.713623 -1315.329102 -3.520335 3.080575 -1.312039
3189.270020 -7268.147949 -2437.965332 3.197552 -7.260878 -2.440057
579.311157 3374.276123 -5790.282227 0.577695 3.366508 -5.782738
304.105988 -9225.897461 -7562.284668 0.298719 -9.234703 -7.558275
-1325.770386 -3841.088379 -6798.884277 -1.324830 -3.835063 -6.796764
5597.887695 -8312.749023 -770.961670 5.605010 -8.316307 -0.761019
-9048.121094 -8742.603516 7349.485840 -9.056363 -8.746556 7.343943
1932.385254 -2246.568604 -7808.277344 1.923817 -2.240076 -7.809506
1554.422852 6452.949219 -1864.908691 1.553565 6.448517 -1.867700
-8044.980957 -2367.841553 -2507.674072 -8.050188 -2.362248 -2.515983
6632.353027 6980.437988 8694.094727 6.627975 6.983050 8.688667
1576.548096 50.731113 2497.199463 1.576250 0.048027 2.493164
-7115.356934 -7229.972168 1997.769043 -7.121167 -7.219984 1.994130
3341.248291 -6313.203125 4700.522949 3.334142 -6.319494 4.706225
-4586.417969 -412.321503 -7958.784180 -4.593590 -0.404458 -7.955335
141.802841 -5565.767090 8933.807617 0.138663 -5.561454 8.939747
2883.422852 1228.927979 -4102.741699 2.890400 1.220134 -4.107957
6263.264648 6645.334961 2594.624512 6.259937 6.651093 2.587186
5490.117676 5265.543945 2356.792236 5.488559 5.275166 2.351591
-2796.737305 -6429.067383 -6550.657227 -2.804257 -6.420190 -6.545578
7390.978516 -3488.577148 -7988.231934 7.388796 -3.485771 -7.986286
-2657.682617 -2032.145142 4996.886230 -2.664084 -2.024494 4.994377
-1354.119873 8026.735352 -8638.401367 -1.356018 8.030972 -8.635303
-5513.051758 -4147.461426 -559.615356 -5.511691 -4.151365 -0.567225
-400.914490 4990.257812 -7484.275391 -0.396891 4.988863 -7.478402
-6301.410156 -4142.375000 -7333.163086 -6.308452 -4.136571 -7.332240
3745.939697 3018.102051 6162.027344 3.750543 3.009814 6.172335
7234.719238 -7749.349121 5494.960449 7.225300 -7.740714 5.501152
6571.840820 -673.479736 3352.773682 6.570922 -0.683308 3.358165
-6907.299316 6763.437500 -6121.696289 -6.905790 6.759718 -6.130147
2804.507812 -858.661682 653.724731 2.807356 -0.855207 0.650283
-6166.250488 -4626.974609 -9878.518555 -6.167394 -4.626316 -9.883136
-3018.630371 -5617.777344 3065.431396 -3.013512 -5.616899 3.061725
6183.494141 -8115.720215 -8990.251953 6.187094 -8.113603 -8.990676
-2812.756836 -6390.364746 -4308.361816 -2.813257 -6.399629 -4.315637
-7189.002441 -2266.924561 5721.852539 -7.193241 -2.274017 5.723719
7384.499023 -7824.101074 9353.146484 7.381792 -7.815331 9.353882
643.176147 -880.169861 -2093.039551 0.646838 -0.886192 -2.086315
-8929.799805 -9580.442383 -8223.798828 -8.938531 -9.589836 -8.229428
-5611.566895 -6315.555176 -1609.182495 -5.602932 -6.323982 -1.617122
-809.874268 -1817.875610 -764.685974 -0.801270 -1.820439 -0.770222
3452.735596 6071.168945 -5953.636230 3.451207 6.064531 -5.955352
8617.140625 -2825.930176 -2318.207275 8.617085 -2.835294 -2.309820
8435.808594 -6173.308594 7519.426270 8.428095 -6.164562 7.512087
-9899.146484 167.771286 9377.020508 -9.905470 0.175978 9.367893
-9268.267578 4969.417480 -4768.648926 -9.270127 4.973544 -4.762306
3512.755615 1051.706665 -4292.447754 3.505102 1.054751 -4.297016
9924.390625 -9825.749023 -1333.508057 9.920825 -9.828631 -1.342532
-4187.224121 6029.015625 -4709.881348 -4.178858 6.020476 -4.707523
7786.924316 3966.848389 -9868.548828 7.790215 3.961924 -9.860916
8500.345703 -7028.133301 2774.155029 8.507574 -7.035395 2.783971
6567.764160 -6888.291504 958.141907 6.572063 -6.896162 0.954722
-776.043213 907.915039 7210.913574 -0.775004 0.915689 7.215685
-6247.763672 -6509.210938 9128.500000 -6.246137 -6.517285 9.122217
2317.984619 -2660.563232 2552.615723 2.309868 -2.657622 2.557634
3001.191895 -9641.885742 3882.183594 3.001312 -9.640046 3.881822
3506.437256 -5167.412109 7908.689453 3.506404 -5.171701 7.907073
-3313.980957 -3496.942139 -6461.834961 -3.319665 -3.496442 -6.466893
-1651.859009 -7243.743164 -9505.593750 -1.646748 -7.237790 -9.508451
-7095.130859 -9738.674805 -7412.901855 -7.101077 -9.736771 -7.406732
835.398010 -5506.859375 -5055.272949 0.834853 -5.507147 -5.060225
-468.258392 4796.523926 -1648.554565 -0.462992 4.789331 -1.656525
-4662.417969 2801.291992 7605.450684 -4.671600 2.801969 7.614501
1730.013550 -3952.706543 -840.847229 1.731225 -3.948669 -0.835233
9707.727539 2890.756348 3082.927734 9.699593 2.890244 3.075194
4804.478027 2730.641846 -3544.534424 4.803501 2.733127 -3.550975
-3523.537842 9018.556641 -8000.465820 -3.524902 9.017707 -8.007413
-1448.215454 8472.696289 355.947906 -1.454097 8.482069 0.354457
-9838.876953 1934.935303 -5342.773926 -9.842400 1.942268 -5.348699
-6654.813965 -7465.099609 5825.080078 -6.655178 -7.463896 5.818396
-6127.117188 -5032.159180 -4166.238770 -6.128719 -5.040755 -4.171374
3567.257080 -5772.633301 2308.554443 3.563219 -5.764282 2.317888
2917.081055 -3874.151611 4545.363770 2.912881 -3.880249 4.536922
-2362.420410 -3553.819580 7181.631348 -2.367949 -3.546100 7.188825
9636.011719 8646.269531 -2191.491211 9.629065 8.654324 -2.198992
-6892.653809 -9995.592773 -7714.020996 -6.901467 -9.999063 -7.716018
-427.308899 2941.645020 -9301.791016 -0.422619 2.950953 -9.299215
1457.750244 -3717.063721 -1300.786377 1.462444 -3.719140 -1.305201
9721.041992 -3447.944580 7290.044434 9.718906 -3.447495 7.297483
-8797.430664 1693.987549 -7983.289062 -8.790879 1.699934 -7.977504
5387.721191 -4877.270020 9782.687500 5.382429 -4.870227 9.790826
-1027.435913 1987.291748 -1775.976074 -1.033553 1.985814 -1.768974
-3017.878662 4940.917969 -6841.594727 -3.008753 4.944614 -6.848907
-7086.980469 3856.528076 -2116.949707 -7.092542 3.849754 -2.121439
8502.736328 -9190.182617 149.892838 8.506371 -9.198244 0.152305
-3526.714355 -7762.674805 -3255.510498 -3.518073 -7.755893 -3.256990
-239.435883 3359.435303 8132.697266 -0.247226 3.364493 8.140929
953.258789 4325.066895 -2185.291016 0.947200 4.323988 -2.182240
-8653.921875 6815.274414 1168.825684 -8.650753 6.816077 1.163953
-9078.831055 4559.974121 -9117.292969 -9.069777 4.565942 -9.122176
-4378.988770 2666.635010 -9254.125000 -4.372357 2.670442 -9.263649
-5873.342773 2941.757812 -5017.436035 -5.874360 2.936766 -5.014734
-372.205719 -2147.753418 745.291443 -0.377519 -2.138058 0.740604
5384.542480 3827.958496 -821.113403 5.376085 3.834907 -0.812705
4365.265625 -1217.916016 665.599609 4.355570 -1.215855 0.665051
2942.754395 -1097.986938 4980.086426 2.952726 -1.096045 4.978274
-9315.432617 -8885.873047 1358.161255 -9.313864 -8.891788 1.367588
-1416.844482 -3407.248535 797.128723 -1.407734 -3.413166 0.791678
-4900.958984 7459.527344 8964.957031 -4.901820 7.461894 8.974139
-8208.954102 8660.988281 4144.515137 -8.211406 8.663523 4.139905
8861.679688 -4762.158203 -1223.019531 8.861628 -4.762332 -1.221522
6098.350098 7207.741211 -527.052612 6.092813 7.211738 -0.518749
8527.398438 -6501.109863 897.959167 8.525874 -6.503405 0.897714
-5740.530273 -7120.627441 762.666016 -5.737556 -7.115076 0.753195
926.785034 1382.193115 -1138.391479 0.924438 1.375080 -1.144227
-3587.917480 -1341.092651 -9397.940430 -3.579065 -1.350969 -9.398699
-520.867126 9863.412109 4457.277832 -0.523181 9.862206 4.447534
-4329.217285 -9072.291992 -7519.318359 -4.321654 -9.072696 -7.520608
2473.539307 1161.043823 -2202.950684 2.473919 1.170551 -2.194097
-8916.288086 5874.645020 -5668.536133 -8.915710 5.877567 -5.670866
-411.575684 -2882.708740 6445.587891 -0.402551 -2.879349 6.439895
9856.983398 -8969.110352 5115.318359 9.847031 -8.966297 5.122858
803.748413 4054.778076 -3223.793457 0.803930 4.053432 -3.218576
-7606.467773 -7129.865723 -7947.942383 -7.608317 -7.135518 -7.951142
-4709.614258 9266.842773 -5763.385254 -4.708948 9.261839 -5.767915
8937.571289 956.696655 -3733.244385 8.936226 0.952261 -3.728801
-3448.622314 -1063.203735 5865.351074 -3.443899 -1.067107 5.859897
2191.821289 -9683.708984 -4410.191406 2.183590 -9.686342 -4.415806
104.031296 4825.334473 -2384.794678 0.106780 4.822598 -2.391312
-5703.291504 3576.573486 9414.048828 -5.698678 3.577568 9.413853
-222.198029 -4825.510742 6512.970215 -0.231001 -4.834861 6.517891
2505.723877 6890.730957 -9017.984375 2.511923 6.900104 -9.023488
-3645.880615 8192.246094 -4340.135254 -3.641520 8.190573 -4.337233
3964.173340 -7808.167480 -4903.872070 3.954822 -7.813256 -4.911347
6871.800781 1603.360229 -9760.368164 6.877883 1.600961 -9.765113
-9066.767578 2821.205078 -6665.598633 -9.073427 2.814739 -6.659954
8868.948242 -747.375000 6703.551270 8.877254 -0.745602 6.701001
-323.646820 -7543.051270 5256.552734 -0.325147 -7.550202 5.257410
-3565.876221 -4624.469238 -9260.493164 -3.560355 -4.615212 -9.251873
236.326233 -9194.574219 8007.691406 0.227727 -9.184881 8.003250
9353.005859 -1300.272339 657.901367 9.357368 -1.295694 0.652948
6887.283203 8518.319336 3568.494873 6.889644 8.527287 3.567027
6130.357910 -7004.284180 -6068.461914 6.126437 -7.002358 -6.071445
-8186.703125 -4643.956055 7860.043457 -8.192637 -4.638326 7.856302
-6804.561523 8057.420410 -7082.243652 -6.797314 8.067873 -7.077297
7257.918945 -6394.783203 9687.308594 7.258356 -6.398074 9.684032
7621.326660 -1236.136597 -3313.902344 7.611929 -1.241167 -3.323362
-1654.966797 -4876.984863 7235.895996 -1.650210 -4.868332 7.242936
8328.064453 6600.456543 -204.656036 8.325020 6.591380 -0.208052
6465.012695 -6199.289062 3988.418213 6.457499 -6.189971 3.986884
3007.426758 6652.111816 -4248.828613 3.008412 6.644491 -4.256387
6956.550293 -7631.284180 -7921.026855 6.959054 -7.637465 -7.913384
-6697.358398 -6831.633301 -4939.574707 -6.706159 -6.828224 -4.949313
8611.538086 -3660.448730 -3632.499023 8.620283 -3.666942 -3.636183
-6673.584961 1927.120605 -6927.713379 -6.682364 1.919254 -6.921546
6913.020996 4852.133301 -1048.069946 6.922598 4.852455 -1.057548
4973.405762 9949.212891 143.031082 4.971013 9.941048 0.151100
-5937.156250 -5299.770508 -4729.974121 -5.928483 -5.309668 -4.727697
-3063.589600 -5537.402832 593.658081 -3.054267 -5.545413 0.595080
6792.943848 2223.280762 -1282.641724 6.798587 2.224250 -1.282024
-9245.823242 -9298.396484 2320.567627 -9.241361 -9.299724 2.318705
8563.227539 2795.174316 -8150.417480 8.554115 2.802252 -8.150214
-7107.203613 -4804.957520 7726.809570 -7.116000 -4.815260 7.720619
-4579.440430 -5650.518066 -7602.293945 -4.570643 -5.654009 -7.595147
-3200.954346 -7711.542480 4227.894531 -3.205363 -7.715681 4.228692
9260.904297 -3352.422363 6933.532227 9.252737 -3.356359 6.932230
4698.502441 7740.321289 6311.421875 4.706141 7.734725 6.303936
9808.529297 2280.785400 3056.615723 9.803293 2.276151 3.051756
7903.928711 6477.500488 6916.205078 7.900189 6.473178 6.910532
3747.089355 -9951.580078 6905.310059 3.745877 -9.947508 6.912692
4712.752441 -1988.372559 -7745.854004 4.714454 -1.989275 -7.740241
-1665.372925 -7998.403320 -6591.728516 -1.665879 -7.994472 -6.583613
5158.880859 -77.822731 2749.139404 5.165821 -0.084687 2.741083
-4293.202148 -7241.788086 -3898.825439 -4.292703 -7.238366 -3.901427
1584.807617 -7989.529297 5453.436523 1.583403 -7.985583 5.460092
665.325317 -2023.244995 7275.695801 0.672727 -2.018754 7.276999
8385.560547 2909.649170 -7406.504883 8.379848 2.910131 -7.409151
-4835.685547 -6224.855957 3815.048828 -4.841229 -6.226263 3.814615
3772.847900 -7576.751953 8212.845703 3.771517 -7.583322 8.214521
-9103.293945 -8128.349121 5446.646484 -9.112763 -8.124247 5.452875
4586.460938 -1639.852417 -304.579620 4.589970 -1.641064 -0.301612
6987.432617 -7069.052734 6734.997559 6.993950 -7.058833 6.745312
1798.476562 -2315.418701 373.801666 1.800237 -2.319174 0.368711
533.118286 4882.573242 -3456.939697 0.535023 4.875754 -3.462640
8834.010742 4259.190430 9171.074219 8.826217 4.250443 9.181925
8266.625977 976.427490 -3332.121582 8.267101 0.985221 -3.322114
-8433.332031 -1896.838379 -4657.169434 -8.441263 -1.898225 -4.648430
-6889.037598 3589.277100 364.269012 -6.894219 3.595766 0.371913
4652.893555 5659.650391 282.690826 4.642767 5.660610 0.290498
-2305.923096 5157.338379 7767.861328 -2.309216 5.151411 7.775986
9960.868164 -8096.291504 -3482.708740 9.962943 -8.101808 -3.489448
9421.909180 -1488.847046 -6610.515137 9.420949 -1.482115 -6.605036
6236.556152 -8764.108398 -9625.209961 6.243770 -8.764790 -9.621342
-8978.142578 3691.588867 -6754.649902 -8.972368 3.697860 -6.748550
2155.448242 2304.108887 1342.473389 2.148529 2.299368 1.334555
-735.053528 5410.558105 -1988.043823 -0.732438 5.411936 -1.997047
-9045.933594 -6425.749023 9284.047852 -9.048234 -6.415627 9.284978
3051.901611 -1084.772705 -8637.621094 3.050271 -1.083268 -8.646081
161.945282 5655.268066 -7028.246582 0.155496 5.652617 -7.035286
6972.492676 -5115.130859 -9016.143555 6.978275 -5.118608 -9.010585
-8711.596680 1903.398682 -9489.250977 -8.708248 1.909685 -9.492902
-4943.120605 9170.083008 -7792.211914 -4.934485 9.160462 -7.791478
-7476.598145 9227.479492 4968.720215 -7.479677 9.220282 4.975367
579.008362 9788.908203 -5519.186035 0.574101 9.782690 -5.516728
-1003.656555 -5241.070312 9321.849609 -0.997668 -5.235503 9.317646
-5177.875488 8417.010742 -7817.185547 -5.181250 8.409594 -7.824293
-6151.217773 390.951782 -5058.274414 -6.145327 0.392796 -5.051392
-9066.629883 -1467.818970 -6381.901367 -9.058684 -1.471537 -6.382277
7550.458496 -8957.186523 -8944.703125 7.541978 -8.962626 -8.940468
-3927.147461 4999.269531 5756.833984 -3.918535 4.993730 5.754863
-7613.126465 3466.331543 7660.771484 -7.606411 3.465387 7.665977
-9028.458008 -8112.200195 -2828.897949 -9.029366 -8.118546 -2.821050
-6943.645020 5514.704102 2755.634277 -6.947809 5.513297 2.754652
-9346.080078 -7298.066895 1458.855713 -9.356321 -7.289109 1.455259
1319.825073 103.455681 313.233337 1.313619 0.099124 0.314245
6061.628906 2526.831787 -9613.001953 6.068692 2.522024 -9.620239
4885.838379 -7808.533691 3344.218506 4.882985 -7.814307 3.351189
-7711.966797 -4022.669434 -1150.053833 -7.708122 -4.026031 -1.154443
-3351.525391 1135.022339 1505.829834 -3.345876 1.125199 1.504055
1088.847900 426.809723 -1530.166626 1.097773 0.436652 -1.532431
8472.290039 -2791.197754 -7606.352539 8.475837 -2.787794 -7.615520
5672.095703 -6663.835449 1463.189941 5.668275 -6.663271 1.454677
4860.503418 -3488.398438 3112.337158 4.861547 -3.495878 3.116265
-4338.868652 -85.668396 9356.815430 -4.343307 -0.094069 9.351366
6211.599121 513.292419 -2999.648926 6.215819 0.521223 -2.995850
253.516068 2687.372070 -5935.861328 0.260472 2.686881 -5.944254
-6426.157227 -7404.814941 6006.882812 -6.417233 -7.405252 6.014154
-2263.267822 -7951.483398 -9428.464844 -2.254546 -7.951312 -9.429993
6049.588867 6815.202637 -32.467094 6.053352 6.807976 -0.037898
-1363.869873 -189.373657 -8596.732422 -1.371852 -0.182171 -8.601125
1626.362183 1973.270874 -9328.587891 1.617430 1.975504 -9.337035
-4655.275391 525.751648 1170.356567 -4.647770 0.521277 1.169418
6337.366699 -7234.338379 5997.624512 6.333349 -7.226329 5.993559
602.144653 -1823.730713 -119.923164 0.598361 -1.831714 -0.113654
-6767.575195 -4819.100098 -5957.472656 -6.770129 -4.813096 -5.953472
-6873.844727 -6541.910156 1607.899292 -6.874867 -6.535438 1.605227
-1839.030884 -4438.520020 -4027.160889 -1.846547 -4.442540 -4.019865
3130.888672 6293.926758 -4381.580566 3.130790 6.303247 -4.382979
9504.337891 -81.363785 5732.740723 9.504303 -0.071397 5.740541
-1527.621216 9921.013672 9746.536133 -1.520768 9.914734 9.750938
4746.973145 -5803.047852 4123.716797 4.745404 -5.805396 4.130429
4689.816895 3395.155518 4894.957520 4.690853 3.397429 4.887791
1308.733765 341.518707 3391.475586 1.303788 0.346810 3.398365
-8723.924805 -1959.691895 7862.437012 -8.725347 -1.962278 7.865177
7064.137695 4132.284180 -9329.627930 7.057593 4.127564 -9.338187
3841.777588 1246.022583 -9579.954102 3.841649 1.238823 -9.578125
4647.444824 -6618.924805 -5693.508301 4.656364 -6.617817 -5.699332
-257.642944 9819.623047 4000.809570 -0.267033 9.821794 3.992062
59.896767 -5788.075195 6637.052246 0.067872 -5.783871 6.641902
8567.512695 -7761.350586 5066.904785 8.572058 -7.752576 5.059414
-3075.221436 1811.695312 -8234.248047 -3.080747 1.810349 -8.235984
8800.761719 1275.153564 6870.566895 8.795827 1.278298 6.864593
-4963.805664 -5737.383789 908.546143 -4.958935 -5.738123 0.907130
5609.983398 -3801.177734 -7338.717773 5.608131 -3.800370 -7.329772
9449.511719 9169.659180 7185.354980 9.441172 9.175596 7.182596
-7358.655762 3057.932617 1440.895020 -7.360029 3.056619 1.435089
-9105.240234 -4474.125000 3775.980957 -9.104079 -4.473128 3.767990
5429.099609 -2037.865112 7785.762207 5.427615 -2.045056 7.783077
1179.890625 1263.738037 4209.039062 1.184980 1.265252 4.216137
4482.395508 -8819.890625 -2981.929199 4.476756 -8.814045 -2.981975
8822.778320 -1617.500610 7286.154785 8.825985 -1.624300 7.288837
3012.624756 -9505.223633 -443.581085 3.015131 -9.501966 -0.453546
8017.640137 847.960999 -8391.878906 8.017507 0.844962 -8.391705
7873.841309 -2110.881592 -7971.542969 7.878180 -2.114818 -7.978915
-6941.356934 -5265.281738 -1489.734009 -6.932452 -5.272502 -1.493008
-1626.201660 -1523.392822 -1253.729492 -1.616187 -1.524470 -1.246665
5616.883789 7948.626953 5065.544922 5.611896 7.950815 5.067584
9516.955078 -0.306192 8142.919922 9.518678 0.001301 8.145677
-8923.435547 -944.774536 -7216.642090 -8.927052 -0.941904 -7.223489
-6480.784668 763.699158 -7473.892578 -6.490077 0.771358 -7.463751
-6822.660645 -7486.808594 -4392.301270 -6.827854 -7.491335 -4.388138
-471.125122 -4844.051270 -886.504333 -0.472677 -4.844437 -0.890466
-2070.014648 1387.177246 3390.127197 -2.078183 1.383960 3.395178
-5977.824219 321.636383 -3895.858643 -5.983060 0.324059 -3.898399
7048.210449 3516.426758 -4045.830322 7.052514 3.515047 -4.043212
3316.952881 -5259.816895 -5836.805664 3.316439 -5.269373 -5.836485
-1446.676270 -2155.501465 8909.128906 -1.440010 -2.164172 8.912166
3173.726807 -4045.255615 -3641.686523 3.182234 -4.047562 -3.639991
1044.653687 -5023.416992 -755.007935 1.053839 -5.032100 -0.759335
5539.253418 8102.420898 9543.229492 5.547601 8.099417 9.538690
9402.388672 1727.319946 -2594.413818 9.396984 1.729823 -2.601089
-4032.522949 7987.328125 -5889.469238 -4.040889 7.977642 -5.880229
-5519.176758 2770.081787 4480.644043 -5.528097 2.774019 4.478243
-1703.515869 6296.205078 -1612.374512 -1.696993 6.299635 -1.609954
8535.366211 -904.414490 -8514.844727 8.544878 -0.904060 -8.523527
7837.663574 3081.637207 1697.623901 7.841053 3.086090 1.690464
4891.258789 7924.038086 -788.137390 4.884135 7.921108 -0.789292
4070.277588 -4920.869141 3691.565918 4.078413 -4.921097 3.686190
7427.740723 -8868.112305 -8502.170898 7.437016 -8.870785 -8.509892
6087.098633 -7958.958496 238.399734 6.090195 -7.950428 0.238575
4855.057617 773.221985 4893.307129 4.863258 0.764093 4.894643
-3415.152832 1054.002930 -355.146393 -3.414295 1.062241 -0.357864
-7727.193848 9914.829102 -4177.892090 -7.734526 9.918238 -4.172446
6138.204590 9571.803711 -8946.064453 6.133862 9.563348 -8.956652
8762.820312 9594.845703 -4517.364746 8.756525 9.595038 -4.525381
-1397.993408 -6728.947266 -6667.111328 -1.405728 -6.726865 -6.657910
-8491.171875 -4342.742676 -3121.716064 -8.491979 -4.349060 -3.130057
-2343.781006 6005.626465 645.602600 -2.341693 6.004780 0.642218
-4709.302246 6959.373047 -2084.566406 -4.705108 6.954096 -2.087663
4250.814453 -9086.138672 -9253.730469 4.246397 -9.090919 -9.246844
-4109.060059 -4191.950195 7348.699219 -4.101997 -4.184020 7.339880
-2450.315674 885.276245 6376.294922 -2.442211 0.891319 6.379913
3747.813477 4984.086426 -4364.376953 3.739761 4.989138 -4.371984
-3396.161621 5807.131836 9021.180664 -3.395394 5.809171 9.017867
-7059.089844 -9381.278320 8958.942383 -7.051856 -9.391477 8.964119
1233.334351 7447.448730 5838.258301 1.238031 7.458067 5.835403
-3844.340332 9765.505859 -6367.252930 -3.849356 9.772129 -6.359756
-4512.988281 -6704.802734 -1065.731201 -4.513294 -6.711903 -1.067017
-803.695618 5598.818848 2315.878662 -0.807173 5.592406 2.323277
-344.280396 8878.165039 -9024.270508 -0.343349 8.869299 -9.033069
-2767.196045 -2082.877197 -668.938171 -2.767121 -2.084905 -0.662897
398.249908 3288.258545 5825.213379 0.397599 3.288729 5.834321
1343.359863 3414.345215 2474.844482 1.345381 3.419747 2.482716
-6490.176758 -1578.299438 1360.875977 -6.487906 -1.584254 1.352957
-7721.104492 -1692.110718 -415.664490 -7.713685 -1.689480 -0.406247
-7715.102051 -8435.278320 -965.472717 -7.718949 -8.437589 -0.974682
-4779.920898 7964.824707 -3110.776123 -4.781641 7.972332 -3.116881
-6875.300293 2450.344971 -4655.395996 -6.875122 2.440210 -4.662397
-2357.562744 -8236.925781 -5390.325684 -2.366887 -8.237396 -5.397215
-6708.522461 1894.227051 1530.102173 -6.712761 1.902031 1.532022
7080.774414 -9822.239258 -1811.692017 7.075519 -9.822456 -1.815670
7195.585449 -6674.450684 -7603.388672 7.185698 -6.681311 -7.604973
-409.440002 -4072.398193 7316.675781 -0.416603 -4.063395 7.318531
-8233.392578 -2785.016846 9651.757812 -8.244363 -2.777627 9.660778
5960.524414 -3125.195312 -7732.196777 5.965964 -3.130775 -7.729416
-2707.093262 -1137.273926 -8933.856445 -2.704131 -1.128058 -8.929328
-2956.124023 -8257.590820 7366.881836 -2.949872 -8.267599 7.359545
3583.548828 -3336.186523 1692.848022 3.585746 -3.335677 1.688420
-6566.061035 -3234.589111 -8743.756836 -6.572301 -3.231480 -8.735142
-4356.611816 6337.070312 -2922.228516 -4.365780 6.333023 -2.915590
5190.159180 -7045.577148 161.095505 5.193789 -7.038094 0.168041
6268.786133 8457.974609 -8796.599609 6.263530 8.467280 -8.804005
2269.398438 -5295.311523 5893.172852 2.273668 -5.299056 5.895258
-3840.715576 -2766.150391 -4314.324219 -3.850070 -2.762372 -4.313679
6534.710938 7343.667480 -2122.177979 6.545364 7.342531 -2.121029
-8594.205078 551.931152 9837.739258 -8.602229 0.561575 9.835014
-9035.086914 -779.761108 -435.039093 -9.027221 -0.777877 -0.440083
8690.210938 3371.158691 1428.600464 8.686238 3.363506 1.432790
1891.382568 -1476.465576 -6918.997070 1.896641 -1.469179 -6.912132
9489.907227 -4468.208008 -550.671570 9.497300 -4.476191 -0.549860
461.617950 8880.726562 -5572.093262 0.451767 8.872012 -5.568266
-2291.378662 -6534.567871 -1669.205078 -2.299976 -6.539289 -1.664993
8526.531250 -9283.731445 -6708.256836 8.531768 -9.283044 -6.706916
-101.549728 -2494.182861 -3369.802002 -0.092922 -2.488671 -3.361636
3073.558594 -3794.364746 -9301.598633 3.075729 -3.800789 -9.310246
986.760010 6628.259766 -9931.891602 0.984751 6.626457 -9.922760
-1658.884644 783.461853 -992.522278 -1.653744 0.790974 -0.993100
8356.058594 -6617.567871 -8118.277832 8.347372 -6.608157 -8.124822
274.859283 2004.721924 -8227.060547 0.282063 2.009510 -8.216782
3227.166260 1234.700928 9244.044922 3.230363 1.234236 9.242241
-7953.543457 1500.048950 -5567.264648 -7.948452 1.498516 -5.569265
5292.713867 1026.535645 -9692.685547 5.298478 1.034429 -9.698979
8794.459961 -385.768646 -3723.954590 8.789078 -0.383480 -3.722304
6164.488281 1806.668457 -2609.588379 6.169750 1.806691 -2.604146
7945.691895 -7267.245605 -5283.492188 7.948483 -7.260756 -5.290937
-9131.710938 9493.229492 -6627.779785 -9.131708 9.487953 -6.635490
3920.491699 5212.950195 -81.230881 3.927148 5.207608 -0.076643
1279.634644 123.265327 -9385.497070 1.288114 0.129424 -9.380733
3109.189453 -7845.611328 -6421.554199 3.118276 -7.849656 -6.431405
9361.833008 -5453.579102 -3537.627441 9.354512 -5.462663 -3.547419
3903.847656 -4165.848145 3765.717041 3.899701 -4.158738 3.770846
-5992.824707 -8817.328125 7539.083008 -5.992417 -8.819131 7.534962
7986.204590 -2981.480713 3138.520020 7.988727 -2.977844 3.136844
4895.801758 -4.456398 -4268.737305 4.893566 -0.000886 -4.263492
9263.347656 6189.925781 5478.979004 9.259157 6.190062 5.470057
-2431.104248 4352.780273 -758.767517 -2.422828 4.361978 -0.763661
-9975.453125 -3465.185059 1932.524170 -9.984643 -3.463885 1.939164
3436.505127 1146.372925 -6186.749512 3.440338 1.138320 -6.192997
-120.061890 -8695.388672 4529.998535 -0.129938 -8.700461 4.538006
5806.897949 5614.819824 -5846.899414 5.797588 5.624379 -5.846599
757.120483 9686.929688 -4858.149414 0.750718 9.685280 -4.851531
-3701.854004 4753.530762 1562.790283 -3.712067 4.760471 1.560127
5422.137695 4514.191406 7994.816895 5.427351 4.513263 7.993733
2290.978271 852.291443 1306.455566 2.289884 0.846043 1.305093
